[DEFAULT]
bottleneck_ratio = 1

[net]
initial_width = 128
slope = 67.49475735218638
quantized_param = 2.08022654721286
network_depth = 14
bottleneck_ratio = 1
group_width = 128

