[DEFAULT]
bottleneck_ratio = 1

[net]
initial_width = 128
slope = 21.666053878976932
quantized_param = 3.0370605486211604
network_depth = 16
bottleneck_ratio = 1
group_width = 16

