[DEFAULT]
bottleneck_ratio = 1

[net]
initial_width = 72
slope = 27.602289599722905
quantized_param = 2.7939976656240004
network_depth = 20
bottleneck_ratio = 1
group_width = 72

