[DEFAULT]
bottleneck_ratio = 1

[net]
initial_width = 120
slope = 51.704668506846154
quantized_param = 3.099710559854582
network_depth = 12
bottleneck_ratio = 1
group_width = 40

