[DEFAULT]
bottleneck_ratio = 1

[net]
initial_width = 56
slope = 33.647295013626646
quantized_param = 3.0655367942354674
network_depth = 27
bottleneck_ratio = 1
group_width = 56

