[DEFAULT]
bottleneck_ratio = 1

[net]
initial_width = 136
slope = 89.04940135170614
quantized_param = 2.098372833229281
network_depth = 12
bottleneck_ratio = 1
group_width = 136

