[DEFAULT]
bottleneck_ratio = 1

[net]
initial_width = 40
slope = 69.40846796447038
quantized_param = 3.177922182647241
network_depth = 27
bottleneck_ratio = 1
group_width = 40

