[DEFAULT]
bottleneck_ratio = 1

[net]
initial_width = 112
slope = 35.80738986264166
quantized_param = 2.2408710599346016
network_depth = 26
bottleneck_ratio = 1
group_width = 16

