[DEFAULT]
bottleneck_ratio = 1

[net]
initial_width = 80
slope = 82.3378590911596
quantized_param = 2.6156652349853067
network_depth = 23
bottleneck_ratio = 1
group_width = 8

