[DEFAULT]
bottleneck_ratio = 1

[net]
initial_width = 88
slope = 61.8434303799523
quantized_param = 2.280197488281005
network_depth = 25
bottleneck_ratio = 1
group_width = 88

