[DEFAULT]
bottleneck_ratio = 1

[net]
initial_width = 96
slope = 88.15192348967385
quantized_param = 2.379786363752959
network_depth = 16
bottleneck_ratio = 1
group_width = 96

