[DEFAULT]
bottleneck_ratio = 1

[net]
initial_width = 80
slope = 33.89594252018259
quantized_param = 2.374625213052679
network_depth = 25
bottleneck_ratio = 1
group_width = 80

