[DEFAULT]
bottleneck_ratio = 1

[net]
initial_width = 96
slope = 11.884474969289812
quantized_param = 2.813415858302957
network_depth = 12
bottleneck_ratio = 1
group_width = 96

