[DEFAULT]
bottleneck_ratio = 1

[net]
initial_width = 88
slope = 52.45887008513092
quantized_param = 2.313515805265394
network_depth = 25
bottleneck_ratio = 1
group_width = 88

