[DEFAULT]
bottleneck_ratio = 1

[net]
initial_width = 88
slope = 90.30226505079312
quantized_param = 2.8792477698677565
network_depth = 13
bottleneck_ratio = 1
group_width = 88

