[DEFAULT]
bottleneck_ratio = 1

[net]
initial_width = 80
slope = 44.371900160970746
quantized_param = 2.878273630158122
network_depth = 16
bottleneck_ratio = 1
group_width = 80

