[DEFAULT]
bottleneck_ratio = 1

[net]
initial_width = 56
slope = 28.254988598395762
quantized_param = 3.1538613700716196
network_depth = 26
bottleneck_ratio = 1
group_width = 56

