[DEFAULT]
bottleneck_ratio = 1

[net]
initial_width = 64
slope = 85.93097132062366
quantized_param = 2.6224003937953864
network_depth = 23
bottleneck_ratio = 1
group_width = 64

