[DEFAULT]
bottleneck_ratio = 1

[net]
initial_width = 144
slope = 17.42318881849327
quantized_param = 2.035467960003854
network_depth = 15
bottleneck_ratio = 1
group_width = 48

