[DEFAULT]
bottleneck_ratio = 1

[net]
initial_width = 56
slope = 93.70722654906169
quantized_param = 2.5665849618723917
network_depth = 26
bottleneck_ratio = 1
group_width = 56

