[DEFAULT]
bottleneck_ratio = 1

[net]
initial_width = 120
slope = 42.7686309546052
quantized_param = 2.064931556248668
network_depth = 15
bottleneck_ratio = 1
group_width = 120

