[DEFAULT]
bottleneck_ratio = 1

[net]
initial_width = 80
slope = 57.845425094516806
quantized_param = 2.9205840400363754
network_depth = 16
bottleneck_ratio = 1
group_width = 80

