[DEFAULT]
bottleneck_ratio = 1

[net]
initial_width = 128
slope = 54.856069733006805
quantized_param = 2.26984719283593
network_depth = 16
bottleneck_ratio = 1
group_width = 64

