[DEFAULT]
bottleneck_ratio = 1

[net]
initial_width = 88
slope = 45.838894598300755
quantized_param = 2.403192982619794
network_depth = 20
bottleneck_ratio = 1
group_width = 88

