[DEFAULT]
bottleneck_ratio = 1

[net]
initial_width = 88
slope = 65.69479408295513
quantized_param = 2.2133145417089195
network_depth = 25
bottleneck_ratio = 1
group_width = 88

