[DEFAULT]
bottleneck_ratio = 1

[net]
initial_width = 128
slope = 55.49449584719597
quantized_param = 2.621986017757179
network_depth = 15
bottleneck_ratio = 1
group_width = 8

