[DEFAULT]
bottleneck_ratio = 1

[net]
initial_width = 41
slope = 57.51603853791618
quantized_param = 2.0858557565747993
network_depth = 14
bottleneck_ratio = 1
group_width = 32

