[DEFAULT]
bottleneck_ratio = 1

[net]
initial_width = 38
slope = 34.86349699550176
quantized_param = 2.2762818284203763
network_depth = 12
bottleneck_ratio = 1
group_width = 32

