[DEFAULT]
bottleneck_ratio = 1

[net]
initial_width = 21
slope = 37.44888331607037
quantized_param = 2.7928244198513976
network_depth = 18
bottleneck_ratio = 1
group_width = 16

