[DEFAULT]
bottleneck_ratio = 1

[net]
initial_width = 22
slope = 25.867181587454812
quantized_param = 2.6460252174681944
network_depth = 20
bottleneck_ratio = 1
group_width = 16

