[DEFAULT]
bottleneck_ratio = 1

[net]
initial_width = 30
slope = 25.738968261623114
quantized_param = 2.192936198957205
network_depth = 23
bottleneck_ratio = 1
group_width = 24

