[DEFAULT]
bottleneck_ratio = 1

[net]
initial_width = 16
slope = 40.031355712253024
quantized_param = 2.188303332922063
network_depth = 20
bottleneck_ratio = 1
group_width = 16

