[DEFAULT]
bottleneck_ratio = 1

[net]
initial_width = 33
slope = 31.767682650772255
quantized_param = 2.8667600731269918
network_depth = 13
bottleneck_ratio = 1
group_width = 8

