[DEFAULT]
bottleneck_ratio = 1

[net]
initial_width = 20
slope = 28.850479259487468
quantized_param = 3.0235118448563636
network_depth = 16
bottleneck_ratio = 1
group_width = 16

