[DEFAULT]
bottleneck_ratio = 1

[net]
initial_width = 38
slope = 46.83417222294163
quantized_param = 2.1266472676416686
network_depth = 19
bottleneck_ratio = 1
group_width = 16

