[DEFAULT]
bottleneck_ratio = 1

[net]
initial_width = 23
slope = 33.376869571990795
quantized_param = 2.784807813447445
network_depth = 18
bottleneck_ratio = 1
group_width = 8

