[DEFAULT]
bottleneck_ratio = 1

[net]
initial_width = 25
slope = 33.48493391489835
quantized_param = 2.3812356868602427
network_depth = 21
bottleneck_ratio = 1
group_width = 24

