[DEFAULT]
bottleneck_ratio = 1

[net]
initial_width = 23
slope = 31.847485501522858
quantized_param = 3.004462814441631
network_depth = 14
bottleneck_ratio = 1
group_width = 16

