[DEFAULT]
bottleneck_ratio = 1

[net]
initial_width = 33
slope = 26.116940728330075
quantized_param = 2.4485513898580265
network_depth = 17
bottleneck_ratio = 1
group_width = 8

