[DEFAULT]
bottleneck_ratio = 1

[net]
initial_width = 34
slope = 53.35076332934598
quantized_param = 2.1591520742643038
network_depth = 19
bottleneck_ratio = 1
group_width = 24

