[DEFAULT]
bottleneck_ratio = 1

[net]
initial_width = 24
slope = 56.08332592137046
quantized_param = 2.13003552463951
network_depth = 12
bottleneck_ratio = 1
group_width = 16

