[DEFAULT]
bottleneck_ratio = 1

[net]
initial_width = 31
slope = 53.34485563461469
quantized_param = 2.3788870615059694
network_depth = 15
bottleneck_ratio = 1
group_width = 24

