[DEFAULT]
bottleneck_ratio = 1

[net]
initial_width = 30
slope = 51.830555023483214
quantized_param = 2.6480162326610643
network_depth = 12
bottleneck_ratio = 1
group_width = 24

