[DEFAULT]
bottleneck_ratio = 1

[net]
initial_width = 42
slope = 27.195902653389304
quantized_param = 2.163940430363111
network_depth = 18
bottleneck_ratio = 1
group_width = 8

