[DEFAULT]
bottleneck_ratio = 1

[net]
initial_width = 40
slope = 37.84292994448009
quantized_param = 2.2274768511934275
network_depth = 13
bottleneck_ratio = 1
group_width = 24

