[DEFAULT]
bottleneck_ratio = 1

[net]
initial_width = 19
slope = 32.864453019116446
quantized_param = 2.65547410302397
network_depth = 22
bottleneck_ratio = 1
group_width = 16

