[DEFAULT]
bottleneck_ratio = 1

[net]
initial_width = 112
slope = 91.75534511219851
quantized_param = 2.29693127256956
network_depth = 28
bottleneck_ratio = 1
group_width = 112

