[DEFAULT]
bottleneck_ratio = 1

[net]
initial_width = 96
slope = 37.87752622809562
quantized_param = 2.9161101974516073
network_depth = 23
bottleneck_ratio = 1
group_width = 96

