[DEFAULT]
bottleneck_ratio = 1

[net]
initial_width = 128
slope = 59.72181472337523
quantized_param = 2.558827833687081
network_depth = 26
bottleneck_ratio = 1
group_width = 8

