[DEFAULT]
bottleneck_ratio = 1

[net]
initial_width = 72
slope = 92.26051263541954
quantized_param = 3.0705042137526504
network_depth = 23
bottleneck_ratio = 1
group_width = 72

