[DEFAULT]
bottleneck_ratio = 1

[net]
initial_width = 72
slope = 58.992283094800634
quantized_param = 3.088455481356971
network_depth = 25
bottleneck_ratio = 1
group_width = 72

