[DEFAULT]
bottleneck_ratio = 1

[net]
initial_width = 144
slope = 35.75041805347212
quantized_param = 2.856926620927487
network_depth = 16
bottleneck_ratio = 1
group_width = 72

