[DEFAULT]
bottleneck_ratio = 1

[net]
initial_width = 152
slope = 83.40724615503616
quantized_param = 2.136855505264047
network_depth = 18
bottleneck_ratio = 1
group_width = 152

