[DEFAULT]
bottleneck_ratio = 1

[net]
initial_width = 128
slope = 64.72665484406699
quantized_param = 2.6495714642576664
network_depth = 20
bottleneck_ratio = 1
group_width = 64

