[DEFAULT]
bottleneck_ratio = 1

[net]
initial_width = 248
slope = 82.77115443009346
quantized_param = 2.1920578915690054
network_depth = 14
bottleneck_ratio = 1
group_width = 8

