[DEFAULT]
bottleneck_ratio = 1

[net]
initial_width = 144
slope = 92.54229561298028
quantized_param = 2.025546957639911
network_depth = 28
bottleneck_ratio = 1
group_width = 144

