[DEFAULT]
bottleneck_ratio = 1

[net]
initial_width = 144
slope = 69.84759447988155
quantized_param = 2.3970896541179734
network_depth = 15
bottleneck_ratio = 1
group_width = 144

