[DEFAULT]
bottleneck_ratio = 1

[net]
initial_width = 112
slope = 78.44121802295454
quantized_param = 2.6597783089576863
network_depth = 18
bottleneck_ratio = 1
group_width = 112

