[DEFAULT]
bottleneck_ratio = 1

[net]
initial_width = 136
slope = 9.87493610809883
quantized_param = 2.405481597325471
network_depth = 15
bottleneck_ratio = 1
group_width = 136

