[DEFAULT]
bottleneck_ratio = 1

[net]
initial_width = 120
slope = 37.68082357693457
quantized_param = 2.791677814784154
network_depth = 15
bottleneck_ratio = 1
group_width = 120

