[DEFAULT]
bottleneck_ratio = 1

[net]
initial_width = 144
slope = 31.131318098472594
quantized_param = 2.7901466765067053
network_depth = 20
bottleneck_ratio = 1
group_width = 48

