[DEFAULT]
bottleneck_ratio = 1

[net]
initial_width = 96
slope = 31.244858738351425
quantized_param = 2.6998189651261577
network_depth = 25
bottleneck_ratio = 1
group_width = 96

