[DEFAULT]
bottleneck_ratio = 1

[net]
initial_width = 80
slope = 73.51015891954826
quantized_param = 2.8051467657365095
network_depth = 26
bottleneck_ratio = 1
group_width = 80

