[DEFAULT]
bottleneck_ratio = 1

[net]
initial_width = 136
slope = 23.007187838390266
quantized_param = 2.425984307521866
network_depth = 18
bottleneck_ratio = 1
group_width = 136

