[DEFAULT]
bottleneck_ratio = 1

[net]
initial_width = 128
slope = 20.715502009502504
quantized_param = 2.659481206651392
network_depth = 24
bottleneck_ratio = 1
group_width = 64

