[DEFAULT]
bottleneck_ratio = 1

[net]
initial_width = 136
slope = 26.936127379247054
quantized_param = 3.1937470477857097
network_depth = 12
bottleneck_ratio = 1
group_width = 136

