[DEFAULT]
bottleneck_ratio = 1

[net]
initial_width = 96
slope = 87.82146708132728
quantized_param = 3.1951366326719413
network_depth = 17
bottleneck_ratio = 1
group_width = 96

