[DEFAULT]
bottleneck_ratio = 1

[net]
initial_width = 104
slope = 85.3741744170891
quantized_param = 2.4805073950519203
network_depth = 27
bottleneck_ratio = 1
group_width = 104

