[DEFAULT]
bottleneck_ratio = 1

[net]
initial_width = 104
slope = 78.21529567432508
quantized_param = 2.836850873671443
network_depth = 18
bottleneck_ratio = 1
group_width = 104

