[DEFAULT]
bottleneck_ratio = 1

[net]
initial_width = 160
slope = 47.75326475896464
quantized_param = 3.001847641735962
network_depth = 13
bottleneck_ratio = 1
group_width = 80

