[DEFAULT]
bottleneck_ratio = 1

[net]
initial_width = 104
slope = 57.90607676602069
quantized_param = 2.465955604419064
network_depth = 27
bottleneck_ratio = 1
group_width = 104

