[DEFAULT]
bottleneck_ratio = 1

[net]
initial_width = 96
slope = 12.023417740943692
quantized_param = 3.049300614424779
network_depth = 24
bottleneck_ratio = 1
group_width = 96

