[DEFAULT]
bottleneck_ratio = 1

[net]
initial_width = 152
slope = 70.77885470132772
quantized_param = 2.30319871323439
network_depth = 16
bottleneck_ratio = 1
group_width = 152

