[DEFAULT]
bottleneck_ratio = 1

[net]
initial_width = 256
slope = 38.000229250465054
quantized_param = 2.1102440686120842
network_depth = 13
bottleneck_ratio = 1
group_width = 32

