[DEFAULT]
bottleneck_ratio = 1

[net]
initial_width = 112
slope = 51.05688147177411
quantized_param = 3.155387864330302
network_depth = 15
bottleneck_ratio = 1
group_width = 112

