[DEFAULT]
bottleneck_ratio = 1

[net]
initial_width = 208
slope = 21.238414572832436
quantized_param = 2.6238456946296442
network_depth = 18
bottleneck_ratio = 1
group_width = 8

