[DEFAULT]
bottleneck_ratio = 1

[net]
initial_width = 160
slope = 63.30594458663472
quantized_param = 2.3920122385029945
network_depth = 23
bottleneck_ratio = 1
group_width = 8

