[DEFAULT]
bottleneck_ratio = 1

[net]
initial_width = 192
slope = 32.56885692499777
quantized_param = 2.6108894721151525
network_depth = 15
bottleneck_ratio = 1
group_width = 48

