[DEFAULT]
bottleneck_ratio = 1

[net]
initial_width = 35
slope = 24.36284345717361
quantized_param = 2.1394659632958466
network_depth = 18
bottleneck_ratio = 1
group_width = 32
accuracy = 63.391998291015625
epochs = 25
lr = 0.1
wd = 5e-05

