[DEFAULT]
bottleneck_ratio = 1

[net]
initial_width = 26
slope = 28.466755365344167
quantized_param = 3.1207629720965
network_depth = 13
bottleneck_ratio = 1
group_width = 16
accuracy = 63.90399932861328
epochs = 25
lr = 0.1
wd = 5e-05

