[DEFAULT]
bottleneck_ratio = 1

[net]
initial_width = 33
slope = 31.767682650772255
quantized_param = 2.8667600731269918
network_depth = 13
bottleneck_ratio = 1
group_width = 8
accuracy = 64.08399963378906
epochs = 25
lr = 0.1
wd = 5e-05

