[DEFAULT]
bottleneck_ratio = 1

[net]
initial_width = 41
slope = 57.51603853791618
quantized_param = 2.0858557565747993
network_depth = 14
bottleneck_ratio = 1
group_width = 32
accuracy = 61.641998291015625
epochs = 25
lr = 0.1
wd = 5e-05

