[DEFAULT]
bottleneck_ratio = 1

[net]
initial_width = 18
slope = 40.30814940894349
quantized_param = 2.930258808640062
network_depth = 19
bottleneck_ratio = 1
group_width = 16
accuracy = 62.43199920654297
epochs = 25
lr = 0.1
wd = 5e-05

