[DEFAULT]
bottleneck_ratio = 1

[net]
initial_width = 32
slope = 26.493414089027574
quantized_param = 2.2975047110732922
network_depth = 19
bottleneck_ratio = 1
group_width = 24
accuracy = 63.317996978759766
epochs = 25
lr = 0.1
wd = 5e-05

