[DEFAULT]
bottleneck_ratio = 1

[net]
initial_width = 23
slope = 25.474575016999598
quantized_param = 2.4391100456667947
network_depth = 24
bottleneck_ratio = 1
group_width = 16
accuracy = 62.39799880981445
epochs = 25
lr = 0.1
wd = 5e-05

