[DEFAULT]
bottleneck_ratio = 1

[net]
initial_width = 30
slope = 51.830555023483214
quantized_param = 2.6480162326610643
network_depth = 12
bottleneck_ratio = 1
group_width = 24
accuracy = 63.64799880981445
epochs = 25
lr = 0.1
wd = 5e-05

