[DEFAULT]
bottleneck_ratio = 1

[net]
initial_width = 34
slope = 51.71181777228036
quantized_param = 2.2480068483197897
network_depth = 15
bottleneck_ratio = 1
group_width = 32
accuracy = 61.231998443603516
epochs = 25
lr = 0.1
wd = 5e-05

