[DEFAULT]
bottleneck_ratio = 1

[net]
initial_width = 42
slope = 27.195902653389304
quantized_param = 2.163940430363111
network_depth = 18
bottleneck_ratio = 1
group_width = 8
accuracy = 65.01599884033203
epochs = 25
lr = 0.1
wd = 5e-05

