[DEFAULT]
bottleneck_ratio = 1

[net]
initial_width = 24
slope = 36.62737788352088
quantized_param = 2.455816625924019
network_depth = 19
bottleneck_ratio = 1
group_width = 24
accuracy = 61.70399856567383
epochs = 25
lr = 0.1
wd = 5e-05

