[DEFAULT]
bottleneck_ratio = 1

[net]
initial_width = 40
slope = 28.486780072096405
quantized_param = 2.556467662469071
network_depth = 12
bottleneck_ratio = 1
group_width = 16
accuracy = 63.33399963378906
epochs = 25
lr = 0.1
wd = 5e-05

