[DEFAULT]
bottleneck_ratio = 1

[net]
initial_width = 38
slope = 34.86349699550176
quantized_param = 2.2762818284203763
network_depth = 12
bottleneck_ratio = 1
group_width = 32
accuracy = 63.70399856567383
epochs = 25
lr = 0.1
wd = 5e-05

