[DEFAULT]
bottleneck_ratio = 1

[net]
initial_width = 33
slope = 39.35881488222679
quantized_param = 2.35576485454787
network_depth = 16
bottleneck_ratio = 1
group_width = 24
accuracy = 63.22999954223633
epochs = 25
lr = 0.1
wd = 5e-05

