[DEFAULT]
bottleneck_ratio = 1

[net]
initial_width = 21
slope = 46.15076886019025
quantized_param = 2.1111673284462795
network_depth = 15
bottleneck_ratio = 1
group_width = 16
accuracy = 63.275997161865234
epochs = 25
lr = 0.1
wd = 5e-05

