[DEFAULT]
bottleneck_ratio = 1

[net]
initial_width = 22
slope = 48.13946588754667
quantized_param = 2.659905853464693
network_depth = 16
bottleneck_ratio = 1
group_width = 16
accuracy = 62.28799819946289
epochs = 25
lr = 0.1
wd = 5e-05

