[DEFAULT]
bottleneck_ratio = 1

[net]
initial_width = 33
slope = 26.116940728330075
quantized_param = 2.4485513898580265
network_depth = 17
bottleneck_ratio = 1
group_width = 8
accuracy = 64.8699951171875
epochs = 25
lr = 0.1
wd = 5e-05

