[DEFAULT]
bottleneck_ratio = 1

[net]
initial_width = 23
slope = 37.00300803735841
quantized_param = 2.6877638384183946
network_depth = 20
bottleneck_ratio = 1
group_width = 8
accuracy = 62.72200012207031
epochs = 25
lr = 0.1
wd = 5e-05

