[DEFAULT]
bottleneck_ratio = 1

[net]
initial_width = 16
slope = 28.700661171404096
quantized_param = 2.6827950123931634
network_depth = 27
bottleneck_ratio = 1
group_width = 8

