[DEFAULT]
bottleneck_ratio = 1

[net]
initial_width = 16
slope = 30.866723603271293
quantized_param = 2.626824183256502
network_depth = 28
bottleneck_ratio = 1
group_width = 8

