[DEFAULT]
bottleneck_ratio = 1

[net]
initial_width = 32
slope = 16.720108735827935
quantized_param = 2.7932717884261518
network_depth = 13
bottleneck_ratio = 1
group_width = 16

