[DEFAULT]
bottleneck_ratio = 1

[net]
initial_width = 32
slope = 14.687675046928522
quantized_param = 2.2364710875458194
network_depth = 23
bottleneck_ratio = 1
group_width = 16

