[DEFAULT]
bottleneck_ratio = 1

[net]
initial_width = 32
slope = 34.479505023612546
quantized_param = 2.6404308003857686
network_depth = 12
bottleneck_ratio = 1
group_width = 16

