[DEFAULT]
bottleneck_ratio = 1

[net]
initial_width = 16
slope = 23.247747361204986
quantized_param = 2.9205318449185804
network_depth = 25
bottleneck_ratio = 1
group_width = 16

