[DEFAULT]
bottleneck_ratio = 1

[net]
initial_width = 32
slope = 15.276395134699701
quantized_param = 2.4082722412439024
network_depth = 21
bottleneck_ratio = 1
group_width = 8

