[DEFAULT]
bottleneck_ratio = 1

[net]
initial_width = 24
slope = 37.74171319392964
quantized_param = 2.2927401845842055
network_depth = 27
bottleneck_ratio = 1
group_width = 8

