[DEFAULT]
bottleneck_ratio = 1

[net]
initial_width = 16
slope = 19.143218175854425
quantized_param = 2.866692962022006
network_depth = 26
bottleneck_ratio = 1
group_width = 16

