[DEFAULT]
bottleneck_ratio = 1

[net]
initial_width = 40
slope = 10.326035239188961
quantized_param = 3.130024875264154
network_depth = 12
bottleneck_ratio = 1
group_width = 8

