[DEFAULT]
bottleneck_ratio = 1

[net]
initial_width = 48
slope = 16.275263067937193
quantized_param = 2.097423833263034
network_depth = 13
bottleneck_ratio = 1
group_width = 16

