[DEFAULT]
bottleneck_ratio = 1

[net]
initial_width = 32
slope = 11.871821495751604
quantized_param = 2.5623102594241516
network_depth = 17
bottleneck_ratio = 1
group_width = 16

