[DEFAULT]
bottleneck_ratio = 1

[net]
initial_width = 32
slope = 11.431736689272338
quantized_param = 2.253591621632543
network_depth = 23
bottleneck_ratio = 1
group_width = 16

