[DEFAULT]
bottleneck_ratio = 1

[net]
initial_width = 40
slope = 15.440519919422368
quantized_param = 2.6704806536265444
network_depth = 13
bottleneck_ratio = 1
group_width = 8

