[DEFAULT]
bottleneck_ratio = 1

[net]
initial_width = 24
slope = 35.24636260140523
quantized_param = 3.12350861693137
network_depth = 14
bottleneck_ratio = 1
group_width = 8

