[DEFAULT]
bottleneck_ratio = 1

[net]
initial_width = 32
slope = 10.721437489002437
quantized_param = 2.4471127366652103
network_depth = 18
bottleneck_ratio = 1
group_width = 16

