[DEFAULT]
bottleneck_ratio = 1

[net]
initial_width = 16
slope = 31.86360371076791
quantized_param = 2.7032943078398484
network_depth = 23
bottleneck_ratio = 1
group_width = 16

