[DEFAULT]
bottleneck_ratio = 1

[net]
initial_width = 32
slope = 20.11109931769405
quantized_param = 2.4969195206290964
network_depth = 17
bottleneck_ratio = 1
group_width = 16

