[DEFAULT]
bottleneck_ratio = 1

[net]
initial_width = 24
slope = 17.392757546643775
quantized_param = 2.772913254884073
network_depth = 21
bottleneck_ratio = 1
group_width = 8

