[DEFAULT]
bottleneck_ratio = 1

[net]
initial_width = 16
slope = 21.384882300609657
quantized_param = 3.0815552478622124
network_depth = 20
bottleneck_ratio = 1
group_width = 16

