[DEFAULT]
bottleneck_ratio = 1

[net]
initial_width = 16
slope = 24.089451293100684
quantized_param = 3.1985485479362854
network_depth = 19
bottleneck_ratio = 1
group_width = 16

