[DEFAULT]
bottleneck_ratio = 1

[net]
initial_width = 32
slope = 33.2932434285303
quantized_param = 2.614814727043713
network_depth = 13
bottleneck_ratio = 1
group_width = 16

