[DEFAULT]
bottleneck_ratio = 1

[net]
initial_width = 32
slope = 11.7993198346215
quantized_param = 2.3357816157842763
network_depth = 21
bottleneck_ratio = 1
group_width = 16

