[DEFAULT]
bottleneck_ratio = 1

[net]
initial_width = 48
slope = 29.979167292537525
quantized_param = 2.306458253380738
network_depth = 12
bottleneck_ratio = 1
group_width = 8

