[DEFAULT]
bottleneck_ratio = 1

[net]
initial_width = 24
slope = 33.194181662325185
quantized_param = 2.949581481982499
network_depth = 15
bottleneck_ratio = 1
group_width = 8

