[DEFAULT]
bottleneck_ratio = 1

[net]
initial_width = 40
slope = 35.352103048694495
quantized_param = 2.3942895263964368
network_depth = 13
bottleneck_ratio = 1
group_width = 8

