[DEFAULT]
bottleneck_ratio = 1

[net]
initial_width = 16
slope = 21.065104001243856
quantized_param = 3.0139838492894
network_depth = 25
bottleneck_ratio = 1
group_width = 8

