[DEFAULT]
bottleneck_ratio = 1

[net]
initial_width = 32
slope = 26.345846351631096
quantized_param = 2.198990832866097
network_depth = 22
bottleneck_ratio = 1
group_width = 16

