[DEFAULT]
bottleneck_ratio = 1

[net]
initial_width = 32
slope = 10.504285864328061
quantized_param = 2.199373285518033
network_depth = 24
bottleneck_ratio = 1
group_width = 16

