[DEFAULT]
bottleneck_ratio = 1

[net]
initial_width = 32
slope = 21.32275244865134
quantized_param = 2.311513373426809
network_depth = 23
bottleneck_ratio = 1
group_width = 8

