[DEFAULT]
bottleneck_ratio = 1

[net]
initial_width = 24
slope = 25.35951061614982
quantized_param = 2.3985635907117993
network_depth = 27
bottleneck_ratio = 1
group_width = 8

