[DEFAULT]
bottleneck_ratio = 1

[net]
initial_width = 32
slope = 37.65337665311327
quantized_param = 2.4930097817055743
network_depth = 16
bottleneck_ratio = 1
group_width = 8

